==== SMALLIMAGES ====
47
0
0
53
1
61
132
2
95
181
3
131
132
4
131
160
5
32
135
6
78
53
7
78
83
8
95
0
9
61
162
10
61
185
11
95
196
12
0
196
13
95
162
14
32
161
15
95
75
16
145
100
17
23
194
18
155
160
19
22
94
20
0
187
21
61
199
22
28
94
23
46
194
24
23
164
25
32
194
26
22
53
27
0
100
28
95
42
29
61
100
30
81
185
31
122
100
32
47
135
33
136
196
34
46
94
35
76
199
36
23
179
37
139
90
38
0
0
39
0
135
40
32
178
41
136
181
42
139
75
43
73
0
44
115
75
45
0
164
46
108
162
==== FRAMES ===
39
24
-23
-37
18
-20
-41
17
-17
-45
17
-67
-81
26
19
-68
13
-16
-59
3
4
-11
11
-29
-7
12
12
-24
10
-24
-18
7
0
-43
9
-19
-42
6
-18
-65
2
-31
-84
1
-4
-100
0
-36
-73
4
-41
-59
5
23
-55
14
-26
-33
18
-30
-31
18
-34
-28
18
-39
-25
19
-44
-24
19
-57
-27
20
24
-65
-79
26
-21
-39
17
-16
-43
17
20
-67
13
-16
-57
3
4
-11
11
-29
-7
12
12
-24
10
-24
-18
7
0
-41
9
-19
-40
6
-17
-63
2
-29
-83
1
-2
-99
0
-33
-72
4
-38
-57
5
23
-54
14
-24
-36
17
-28
-33
17
-32
-30
19
-37
-29
19
-41
-28
19
-45
-26
18
-60
-25
22
24
-65
-77
26
-28
-30
17
-24
-34
17
-21
-38
17
-18
-41
17
20
-65
13
-17
-56
3
4
-11
11
-29
-7
12
12
-24
10
-24
-18
7
-1
-39
9
-19
-39
6
-19
-62
2
-28
-81
1
-1
-97
0
-33
-70
4
-37
-56
5
24
-52
14
-32
-27
19
-45
-20
19
-41
-23
18
-58
-18
23
-37
-25
19
24
-65
-76
26
-21
-37
17
-24
-33
17
-27
-29
17
-18
-40
17
20
-63
13
-18
-54
3
4
-11
11
-29
-7
12
12
-24
10
-24
-18
7
-1
-38
9
-19
-38
6
-19
-60
2
-28
-80
1
0
-95
0
-33
-69
4
-38
-55
5
23
-50
14
-38
-20
19
-34
-22
19
-30
-25
18
-42
-17
19
-45
-15
24
24
-73
-69
27
-36
-62
4
-17
-40
17
-21
-37
17
16
-58
13
-17
-53
3
4
-11
11
-29
-7
12
14
-23
10
-23
-18
7
-1
-37
9
-19
-37
6
-18
-57
2
-32
-74
1
-3
-87
0
-39
-52
5
20
-45
14
-33
-27
19
-28
-30
19
-24
-33
18
-38
-26
19
-42
-25
19
-60
-28
21
-47
-26
19
16
-17
-40
17
-21
-37
17
-17
-53
3
4
-11
11
-29
-7
12
14
-23
10
-23
-18
7
-1
-37
9
-19
-37
6
-33
-27
19
-28
-30
19
-24
-33
18
-38
-26
19
-42
-25
19
-60
-28
21
-47
-26
19
25
-27
-70
19
-25
-73
19
-23
-76
19
-19
-79
19
-73
-113
27
12
-102
13
-5
-50
15
3
-55
32
-26
-51
16
-9
-80
31
-22
-52
30
-20
-96
3
-22
-102
2
-33
-121
1
-20
-77
6
-5
-139
0
-36
-109
4
-40
-95
5
15
-89
14
-29
-67
18
-30
-63
18
-30
-59
18
-34
-45
24
-32
-55
18
-33
-50
18
17
-27
-70
19
-25
-73
19
-23
-76
19
-19
-79
19
-5
-50
15
3
-55
32
-26
-51
16
-9
-80
31
-22
-52
30
-20
-96
3
-20
-77
6
-29
-67
18
-30
-63
18
-30
-59
18
-34
-45
24
-32
-55
18
-33
-50
18
25
-28
-72
17
-25
-77
17
-21
-82
17
-1
-57
15
-72
-122
26
14
-102
13
-35
-54
16
-21
-95
3
-22
-101
2
-31
-118
1
-5
-135
0
-37
-108
4
-43
-94
5
17
-89
14
-25
-79
6
-5
-79
9
-31
-55
7
6
-60
10
-31
-68
19
-35
-66
19
-38
-63
18
-41
-60
18
-44
-56
18
-47
-53
18
-59
-50
25
25
-29
-74
17
-25
-79
17
-78
-113
27
-21
-82
17
-2
-58
15
13
-102
13
-36
-54
16
-22
-95
3
-22
-101
2
-31
-117
1
-5
-133
0
-39
-110
4
-43
-96
5
16
-89
14
-26
-79
6
-6
-80
9
-32
-55
7
5
-61
10
-32
-70
17
-35
-66
19
-39
-63
19
-42
-60
19
-46
-57
19
-50
-54
19
-63
-51
23
27
-35
-53
16
-32
-54
7
-33
-68
17
-29
-72
17
-26
-77
17
-76
-108
28
-21
-82
17
-3
-57
15
12
-101
13
-23
-94
3
-25
-99
2
-32
-115
1
-6
-132
0
-40
-107
4
-43
-94
5
15
-88
14
-26
-78
6
-7
-79
9
4
-60
10
-36
-64
17
-39
-60
19
-43
-59
19
-47
-57
19
-49
-55
19
-53
-55
19
-56
-54
18
-71
-53
22
19
-35
-55
16
-31
-56
7
-33
-68
17
-29
-72
17
-26
-77
17
-21
-82
17
-3
-60
15
-23
-94
3
-26
-80
6
-6
-81
9
5
-62
10
-36
-64
17
-39
-60
19
-43
-59
19
-47
-57
19
-49
-55
19
-53
-55
19
-56
-54
18
-71
-53
22
27
-37
-52
16
-33
-52
7
-72
-105
29
-29
-72
17
-24
-76
17
-21
-82
17
-4
-56
15
10
-99
13
-24
-91
3
-27
-97
2
-32
-114
1
-5
-131
0
-40
-106
4
-43
-92
5
14
-86
14
-27
-76
6
-7
-77
9
4
-59
10
-32
-68
17
-34
-64
17
-37
-60
19
-41
-58
19
-44
-55
19
-48
-53
19
-53
-52
19
-57
-50
19
-69
-51
21
31
-69
-115
27
-19
-76
17
-15
-79
17
20
-103
13
-15
-94
3
-19
-100
2
-28
-120
1
1
-134
0
-33
-109
4
-27
-52
16
-38
-95
5
22
-90
14
-23
-72
17
-26
-68
17
-30
-64
19
-35
-63
19
-39
-60
19
-43
-58
19
-48
-56
19
-52
-54
19
-57
-53
19
-62
-52
19
-89
-60
20
-67
-52
19
-72
-53
19
-76
-55
19
2
-80
9
13
-63
10
7
-60
15
-17
-77
6
-23
-53
7
23
-19
-76
17
-15
-79
17
-15
-94
3
-27
-52
16
-23
-72
17
-26
-68
17
-30
-64
19
-35
-63
19
-39
-60
19
-43
-58
19
-48
-56
19
-52
-54
19
-57
-53
19
-62
-52
19
-89
-60
20
-67
-52
19
-72
-53
19
-76
-55
19
2
-80
9
13
-63
10
7
-60
15
-17
-77
6
-23
-53
7
33
-67
-111
28
-29
-59
19
-23
-75
17
-29
-57
16
-26
-58
7
1
-83
9
-19
-76
17
-15
-79
17
22
-103
13
7
-61
15
-17
-95
3
-18
-101
2
-25
-119
1
3
-135
0
-31
-109
4
-19
-80
6
-39
-96
5
25
-90
14
-24
-68
17
-26
-63
19
-33
-56
19
-36
-52
19
-39
-49
19
-41
-45
19
-43
-41
19
-47
-34
19
-45
-38
19
-50
-31
19
-53
-29
19
15
-64
10
-56
-27
18
-59
-24
18
-67
-20
25
25
-29
-59
19
-23
-75
17
-29
-57
16
-26
-58
7
1
-83
9
-19
-76
17
-15
-79
17
7
-61
15
-17
-95
3
-19
-80
6
-24
-68
17
-26
-63
19
-33
-56
19
-36
-52
19
-39
-49
19
-41
-45
19
-43
-41
19
-47
-34
19
-45
-38
19
-50
-31
19
-53
-29
19
15
-64
10
-56
-27
18
-59
-24
18
-67
-20
25
30
0
-22
40
-65
-110
29
-14
-55
17
-11
-73
17
-32
-58
16
-28
-59
7
-1
-85
9
-19
-76
17
-15
-79
17
19
-102
13
6
-64
15
-19
-96
3
-18
-101
2
-25
-117
1
1
-133
0
-31
-107
4
-21
-81
6
-36
-94
5
22
-89
14
14
-66
10
-11
-50
17
-11
-44
17
-10
-39
17
-12
-33
17
-16
-29
17
-20
-25
17
-21
-18
17
-17
-12
19
-12
-9
37
-17
-15
40
22
0
-22
40
-14
-55
17
-11
-73
17
-32
-58
16
-28
-59
7
-1
-85
9
-19
-76
17
-15
-79
17
6
-64
15
-19
-96
3
-21
-81
6
14
-66
10
-11
-50
17
-11
-44
17
-10
-39
17
-12
-33
17
-16
-29
17
-20
-25
17
-21
-18
17
-17
-12
19
-12
-9
37
-17
-15
40
36
12
-30
39
30
-90
8
-9
-72
17
-29
-57
7
-67
-112
28
-33
-56
16
-2
-84
9
20
-104
13
6
-60
15
-19
-97
3
-18
-101
2
-27
-119
1
0
-137
0
-33
-109
4
-22
-80
6
-38
-95
5
23
-91
14
13
-65
10
-8
-66
17
-4
-62
17
1
-58
17
6
-56
17
12
-54
19
17
-54
19
22
-55
19
27
-57
18
32
-58
18
36
-59
18
41
-61
18
46
-62
18
51
-63
18
56
-64
18
61
-66
18
66
-67
18
43
-102
38
-10
-27
39
28
12
-30
39
30
-90
8
-9
-72
17
-29
-57
7
-33
-56
16
-2
-84
9
6
-60
15
-19
-97
3
-22
-80
6
13
-65
10
-8
-66
17
-4
-62
17
1
-58
17
6
-56
17
12
-54
19
17
-54
19
22
-55
19
27
-57
18
32
-58
18
36
-59
18
41
-61
18
46
-62
18
51
-63
18
56
-64
18
61
-66
18
66
-67
18
43
-102
38
-10
-27
39
38
19
-17
41
-72
-113
27
-9
-72
17
-28
-57
7
-31
-56
16
-3
-82
9
20
-103
13
4
-60
15
-17
-96
3
-18
-100
2
-26
-118
1
0
-135
0
-32
-108
4
-21
-79
6
-37
-93
5
22
-90
14
11
-64
10
-8
-66
17
-4
-63
17
1
-58
17
6
-56
17
12
-54
19
17
-54
19
22
-55
19
27
-57
18
46
-66
18
31
-60
18
50
-68
18
36
-63
18
41
-65
18
58
-72
18
54
-70
18
62
-74
18
67
-75
19
72
-76
19
77
-77
34
54
-97
8
0
-13
41
30
19
-17
41
-9
-72
17
-28
-57
7
-31
-56
16
-3
-82
9
4
-60
15
-17
-96
3
-21
-79
6
11
-64
10
-8
-66
17
-4
-63
17
1
-58
17
6
-56
17
12
-54
19
17
-54
19
22
-55
19
27
-57
18
46
-66
18
31
-60
18
50
-68
18
36
-63
18
41
-65
18
58
-72
18
54
-70
18
62
-74
18
67
-75
19
72
-76
19
77
-77
34
54
-97
8
0
-13
41
31
-71
-110
27
-9
-72
17
-27
-57
7
-30
-56
16
-2
-80
9
20
-102
13
1
-61
15
-18
-95
3
-18
-99
2
-27
-117
1
0
-134
0
-32
-107
4
-20
-79
6
-36
-93
5
22
-89
14
9
-62
10
-8
-66
17
-7
-60
17
-3
-56
17
0
-52
17
4
-48
19
8
-46
19
12
-43
19
16
-40
18
24
-21
18
20
-36
18
23
-16
18
22
-31
18
24
-26
18
24
-11
36
10
-14
42
23
-9
-72
17
-27
-57
7
-30
-56
16
-2
-80
9
1
-61
15
-18
-95
3
-20
-79
6
9
-62
10
-8
-66
17
-7
-60
17
-3
-56
17
0
-52
17
4
-48
19
8
-46
19
12
-43
19
16
-40
18
24
-21
18
20
-36
18
23
-16
18
22
-31
18
24
-26
18
24
-11
36
10
-14
42
25
-35
-57
16
1
-59
15
-31
-57
7
8
-62
10
-4
-80
9
-76
-110
27
-30
-73
17
-27
-77
17
14
-99
13
-22
-92
3
-23
-98
2
-32
-115
1
-2
-132
0
-39
-106
4
-44
-92
5
17
-86
14
-24
-82
17
-24
-80
6
-33
-69
17
-37
-66
19
-40
-62
19
-43
-59
19
-45
-55
19
-47
-51
19
-47
-46
36
27
-69
-68
27
-20
-37
17
-17
-41
17
-23
-18
7
13
-23
10
1
-40
9
17
-55
13
-16
-53
3
-20
-56
2
-28
-72
1
-1
-89
0
-35
-63
4
-40
-49
5
20
-42
14
-18
-37
6
4
-11
11
-29
-7
12
-24
-32
17
-29
-28
17
-33
-24
19
-38
-22
19
-41
-21
19
-45
-22
19
-48
-23
19
-61
-23
23
-49
-27
39
-7
-28
39
19
-20
-37
17
-17
-41
17
-23
-18
7
13
-23
10
1
-40
9
-16
-53
3
-18
-37
6
4
-11
11
-29
-7
12
-24
-32
17
-29
-28
17
-33
-24
19
-38
-22
19
-41
-21
19
-45
-22
19
-48
-23
19
-61
-23
23
-49
-27
39
-7
-28
39
27
-69
-68
27
-20
-37
17
-17
-41
17
-23
-18
7
13
-23
10
1
-40
9
17
-55
13
-16
-53
3
-20
-56
2
-28
-72
1
-1
-89
0
-35
-63
4
-40
-49
5
20
-42
14
-18
-37
6
4
-11
11
-29
-7
12
-24
-32
17
-29
-28
17
-33
-24
19
-38
-22
19
-41
-21
19
-45
-22
19
-48
-23
19
-61
-23
23
-48
-16
40
-3
-17
40
19
-20
-37
17
-17
-41
17
-23
-18
7
13
-23
10
1
-40
9
-16
-53
3
-18
-37
6
4
-11
11
-29
-7
12
-24
-32
17
-29
-28
17
-33
-24
19
-38
-22
19
-41
-21
19
-45
-22
19
-48
-23
19
-61
-23
23
-48
-16
40
-3
-17
40
27
-69
-68
27
-20
-37
17
-17
-41
17
-23
-18
7
13
-23
10
1
-40
9
17
-55
13
-16
-53
3
-20
-56
2
-28
-72
1
-1
-89
0
-35
-63
4
-40
-49
5
20
-42
14
-18
-37
6
4
-11
11
-29
-7
12
-24
-32
17
-29
-28
17
-33
-24
19
-38
-22
19
-41
-21
19
-45
-22
19
-48
-23
19
-61
-23
23
-48
-14
41
-6
-15
41
19
-20
-37
17
-17
-41
17
-23
-18
7
13
-23
10
1
-40
9
-16
-53
3
-18
-37
6
4
-11
11
-29
-7
12
-24
-32
17
-29
-28
17
-33
-24
19
-38
-22
19
-41
-21
19
-45
-22
19
-48
-23
19
-61
-23
23
-48
-14
41
-6
-15
41
27
-69
-68
27
-20
-37
17
-17
-41
17
-23
-18
7
13
-23
10
1
-40
9
17
-55
13
-16
-53
3
-20
-56
2
-28
-72
1
-1
-89
0
-35
-63
4
-40
-49
5
20
-42
14
-18
-37
6
4
-11
11
-29
-7
12
-24
-32
17
-29
-28
17
-33
-24
19
-38
-22
19
-41
-21
19
-45
-22
19
-48
-23
19
-61
-23
23
-42
-15
42
-3
-15
42
19
-20
-37
17
-17
-41
17
-23
-18
7
13
-23
10
1
-40
9
-16
-53
3
-18
-37
6
4
-11
11
-29
-7
12
-24
-32
17
-29
-28
17
-33
-24
19
-38
-22
19
-41
-21
19
-45
-22
19
-48
-23
19
-61
-23
23
-42
-15
42
-3
-15
42
26
-69
-69
27
-20
-37
17
-17
-41
17
-23
-18
7
13
-23
10
1
-40
9
17
-55
13
-16
-53
3
-19
-57
2
-23
-71
1
-33
-65
4
-39
-51
5
20
-42
14
-18
-37
6
4
-11
11
-29
-7
12
-24
-32
17
-29
-28
17
-33
-24
19
-38
-22
19
-41
-21
19
-45
-22
19
-48
-23
19
-61
-23
23
6
-88
43
16
-49
44
26
-70
-67
27
-19
-37
17
-17
-41
17
-23
-18
7
13
-22
10
1
-39
9
17
-55
13
-17
-51
3
-19
-56
2
-23
-70
1
-33
-64
4
-38
-50
5
19
-41
14
-18
-36
6
4
-11
11
-29
-7
12
-23
-33
17
-26
-28
17
-30
-23
19
-35
-22
19
-40
-22
19
-44
-22
19
-49
-21
19
7
-86
43
17
-50
45
-60
-20
23
26
17
-41
14
-68
-65
27
-21
-36
17
-17
-41
17
-22
-18
7
13
-22
10
1
-38
9
17
-55
13
-17
-50
3
-16
-55
2
-22
-69
1
-31
-62
4
-37
-49
5
-18
-35
6
4
-11
11
-29
-7
12
-25
-32
17
-29
-27
17
-33
-23
19
-38
-21
19
-42
-20
19
-46
-20
19
-50
-19
19
8
-85
43
14
-48
46
-62
-18
23
15
-21
-40
17
-17
-44
17
-16
-59
3
0
-43
9
-18
-42
6
-23
-18
7
-29
-7
12
4
-11
11
12
-24
10
-24
-36
17
-27
-32
18
-31
-30
18
-34
-27
18
-38
-25
19
-54
-24
22
16
-21
-35
18
-19
-39
18
-16
-43
18
0
-42
9
-16
-57
3
-18
-41
6
-24
-17
7
-29
-7
12
4
-11
11
12
-23
10
-24
-32
18
-28
-29
18
-32
-27
18
-36
-25
19
-39
-22
19
-50
-20
23
==== SEQUENCE ====
37,37,5,5,7,7,11,11,14,14,16,16,18,18,20,20,22,22,24,24
50
50
0,0,0,0,0,0,1,1,1,1,1,1,2,2,2,2,2,2,3,3,3,3,3,3
0,0,0,0,0,4,4,4,4,4,5,5,5,5,5,6,6,6,6,6

0
0
